0 0 0 0 0 0 0 0 0 0 0 0 0 0 0 0 0 0 0 0 0 0 0 0 0 0 0 0
0 0 0 0 0 0 0 0 0 0 0 0 0 0 0 0 0 0 0 0 0 0 0 0 0 0 0 0
0 0 0 0 0 0 0 0 0 0 0 0 0 0 0 0 0 0 0 0 0 0 0 0 0 0 0 0
7 3 3 3 3 3 3 3 3 3 3 3 3 15 16 3 3 3 3 3 3 3 3 3 3 3 3 8
6 1 1 1 1 1 1 1 1 1 1 1 1 20 19 1 1 1 1 1 1 1 1 1 1 1 1 5
6 1 21 17 17 22 1 21 17 17 17 22 1 20 19 1 21 17 17 17 22 1 21 17 17 22 1 5
6 2 20 0 0 19 1 20 0 0 0 19 1 20 19 1 20 0 0 0 19 1 20 0 0 19 2 5
6 1 23 18 18 24 1 23 18 18 18 24 1 23 24 1 23 18 18 18 24 1 23 18 18 24 1 5
6 1 1 1 1 1 1 1 1 1 1 1 1 1 1 1 1 1 1 1 1 1 1 1 1 1 1 5
6 1 21 17 17 22 1 21 22 1 21 17 17 17 17 17 17 22 1 21 22 1 21 17 17 22 1 5
6 1 23 18 18 24 1 20 19 1 23 18 18 22 21 18 18 24 1 20 19 1 23 18 18 24 1 5
6 1 1 1 1 1 1 20 19 1 1 1 1 20 19 1 1 1 1 20 19 1 1 1 1 1 1 5
9 4 4 4 4 22 1 20 23 17 17 22 0 20 19 0 21 17 17 24 19 1 21 4 4 4 4 10
0 0 0 0 0 6 1 20 21 18 18 24 0 23 24 0 23 18 18 22 19 1 5 0 0 0 0 0
0 0 0 0 0 6 1 20 19 0 0 0 0 0 0 0 0 0 0 20 19 1 5 0 0 0 0 0
0 0 0 0 0 6 1 20 19 0 25 4 30 29 29 31 4 26 0 20 19 1 5 0 0 0 0 0
3 3 3 3 3 24 1 23 24 0 5 0 0 0 0 0 0 6 0 23 24 1 23 3 3 3 3 3
0 0 0 0 0 0 1 0 0 0 5 0 0 0 0 0 0 6 0 0 0 1 0 0 0 0 0 0
4 4 4 4 4 22 1 21 22 0 5 0 0 0 0 0 0 6 0 21 22 1 21 4 4 4 4 4
0 0 0 0 0 6 1 20 19 0 27 3 3 3 3 3 3 28 0 20 19 1 5 0 0 0 0 0
0 0 0 0 0 6 1 20 19 0 0 0 0 0 0 0 0 0 0 20 19 1 5 0 0 0 0 0
0 0 0 0 0 6 1 20 19 0 21 17 17 17 17 17 17 22 0 20 19 1 5 0 0 0 0 0
7 3 3 3 3 24 1 23 24 0 23 18 18 22 21 18 18 24 0 23 24 1 23 3 3 3 3 8
6 1 1 1 1 1 1 1 1 1 1 1 1 20 19 1 1 1 1 1 1 1 1 1 1 1 1 5
6 1 21 17 17 22 1 21 17 17 17 22 1 20 19 1 21 17 17 17 22 1 21 17 17 22 1 5
6 1 23 18 22 19 1 23 18 18 18 24 1 23 24 1 23 18 18 18 24 1 20 21 18 24 1 5
6 2 1 1 20 19 1 1 1 1 1 1 1 0 0 1 1 1 1 1 1 1 20 19 1 1 2 5
13 17 22 1 20 19 1 21 22 1 21 17 17 17 17 17 17 22 1 21 22 1 20 19 1 21 17 14
11 18 24 1 23 24 1 20 19 1 23 18 18 22 21 18 18 24 1 20 19 1 23 24 1 23 18 12
6 1 1 1 1 1 1 20 19 1 1 1 1 20 19 1 1 1 1 20 19 1 1 1 1 1 1 5
6 1 21 17 17 17 17 24 23 17 17 22 1 20 19 1 21 17 17 24 23 17 17 17 17 22 1 5
6 1 23 18 18 18 18 18 18 18 18 24 1 23 24 1 23 18 18 18 18 18 18 18 18 24 1 5
6 1 1 1 1 1 1 1 1 1 1 1 1 1 1 1 1 1 1 1 1 1 1 1 1 1 1 5
9 4 4 4 4 4 4 4 4 4 4 4 4 4 4 4 4 4 4 4 4 4 4 4 4 4 4 10
0 0 0 0 0 0 0 0 0 0 0 0 0 0 0 0 0 0 0 0 0 0 0 0 0 0 0 0
0 0 0 0 0 0 0 0 0 0 0 0 0 0 0 0 0 0 0 0 0 0 0 0 0 0 0 0

